338238 446584
243157 727233
353497 627788
852518 467754
513173 621631
156504 26093
289172 531499
715196 518553
733496 443031
674206 810381
814894 549855
524783 592815
826720 705344
869124 874694
613774 11458
321975 771829
822583 2498
146859 835925
49969 961819
650222 251886
925592 281585
900727 921745
366435 466970
772878 350164
271506 311592
243339 932203
183364 913367
212214 759647
924645 722384
28557 900334
550276 603672
254693 160448
291714 408600
770792 794433
95206 370697
97149 197151
547598 244987
274629 802210
678464 129539
881344 973602
291871 330751
355664 478954
15673 17799
730262 592936
801725 831986
9657 171405
627274 227138
170245 272199
382370 585901
372399 534424
837821 706121
213943 385683
196986 450195
610790 535539
658608 609435
838263 848536
402595 109840
59346 705631
494291 675108
467699 322268
523886 638235
66473 544311
320741 131894
982779 844064
560923 119990
912293 989424
215034 104975
60032 764382
773984 835755
374463 517274
232055 157335
511893 249801
262819 154062
891829 856734
400660 382368
875121 626449
89979 364159
926660 908479
747416 708262
114731 71518
344370 158823
15149 619867
703072 996559
628156 718354
685573 944695
344692 66473
926745 541162
606656 502922
577505 495854
192092 526651
593601 574193
499572 202779
684008 634513
218091 571771
972393 468360
67705 732310
922410 536691
650540 531375
111861 293821
291023 682502
622700 95788
172840 174006
682265 476744
703706 173422
233315 488739
520107 98634
523037 446410
631520 369293
798329 49287
823685 934461
467354 37775
368201 716699
889735 800783
726469 731838
933115 92174
731229 140619
719641 954814
969151 534227
876540 30757
318345 49865
546413 694819
892615 709854
847918 289055
51290 415995
609907 60818
520692 768474
395888 408687
786623 222338
281293 300398
304733 530781
16375 232180
292490 277111
778832 91041
364830 543381
952390 228341
879599 825968
200513 549215
929876 582477
703926 357924
485956 956346
678489 870569
64540 817895
631215 752221
931135 388318
913985 891333
343448 142944
961965 689957
592123 499870
328790 646280
118505 966929
647419 600301
242994 380214
133349 52750
982261 175145
977274 91917
616643 445981
545007 982334
459042 37430
117339 204811
598445 175619
867814 88456
414233 336027
162016 896852
809554 903187
165742 727528
34691 508185
19999 418623
511029 819952
825948 757922
684175 20616
777342 581519
312635 897913
521082 709701
834665 504988
995319 952175
532141 555910
789825 800746
77380 799010
107477 952245
334196 961578
277404 10292
590161 823874
947765 871585
452251 639345
893163 332176
291589 867452
817286 834013
932241 986977
346045 52532
898710 201133
942153 934460
3364 914042
468308 96289
748030 652745
924944 634812
154758 385655
315877 679970
355958 630303
454914 443526
744394 543693
77013 250955
675836 122330
640661 675370
334119 30633
133180 815101
26253 750076
372883 881702
570100 955124
869 967966
89515 648419
565013 888670
411690 241616
870924 387683
996503 419974
544714 234210
299749 551129
704798 813320
970199 981942
206960 546988
471715 391718
699836 191380
504753 674719
920729 806945
887746 243527
461687 194520
479470 312070
802216 657037
370949 879942
743317 191342
776919 752458
860817 933801
930960 113512
804746 123835
872763 996324
741403 939094
116391 626731
55935 624687
223207 547817
551521 476833
181938 566599
548175 718657
3115 554948
821068 576319
44540 545967
698436 962101
902171 606654
722970 351887
484591 612815
300894 880664
667467 641912
9050 686301
745432 154188
374475 101759
162130 591789
734125 790811
158185 159241
726831 571470
519303 615475
228166 83111
683313 217886
23710 710637
44295 340024
220458 987657
994981 844001
512668 711698
352364 973190
369521 932531
140507 570398
185828 139451
328086 854529
565314 105089
541065 236832
907549 215794
704678 885285
486874 865273
367498 159336
213478 542345
701437 774602
516421 670474
724120 291634
504779 316893
67841 800418
739683 409038
438418 132469
308748 787605
972697 637623
950628 79689
762808 741857
2653 181154
268715 230383
359820 209577
18537 412000
875936 885182
581476 275530
660847 790662
189099 40151
774508 93231
919471 815136
820597 930849
539491 274276
783177 906306
707132 180452
903191 823078
634264 496991
694257 954130
565115 581925
388447 275179
90420 159386
251152 379136
980958 956362
843372 117041
108290 928803
469189 114938
878810 790803
781483 173599
484592 773311
957982 295798
933797 916829
153246 108940
648910 539182
988255 127605
374073 473051
635097 165556
133261 743211
49275 38338
188623 524063
958527 622911
269697 725803
261209 596338
915301 796625
77129 668799
575327 48602
384272 133476
206200 118324
588223 439599
785599 441955
362154 936256
80906 41573
691068 991670
872858 100007
318052 656569
753436 570909
643501 898788
514252 161602
302252 644557
140724 937452
885842 177586
528275 76810
190689 394369
324249 626494
389052 214276
526093 204241
412119 920103
123665 331543
300045 602791
875070 621408
114192 903641
326249 636888
111994 188052
412359 563132
835074 592957
930029 590521
131787 570349
437807 341283
486295 964225
972202 742862
546073 515069
273246 676493
61160 39709
738995 478917
796559 21114
242524 663597
334849 567062
980441 653604
624106 427588
153494 634606
433568 108086
342129 750028
546104 764709
158489 46456
441654 703383
477586 567546
587548 324816
16661 102378
37603 501207
976979 457731
708872 962275
667226 833247
640381 746211
8081 158676
556096 394983
678109 421035
384009 230190
549798 188666
410525 169356
45108 783453
233984 301368
178163 750357
7879 133744
464405 583292
143627 836745
14230 997796
595130 896150
195355 504396
249799 511924
580596 957054
171586 860721
891776 65480
563778 932503
602224 955925
758014 88152
661348 944679
801339 49559
942577 657843
751840 494353
742340 272920
310437 825574
285024 62909
109354 938824
380675 111815
696676 969535
695655 422005
992626 945046
736100 552792
141133 966949
229362 529841
386718 662780
682572 204073
911786 371881
168241 665383
104168 644967
304772 461906
279988 703267
943380 180451
686236 154027
986613 126245
974103 434486
694221 890188
388565 832650
858219 312495
739760 130510
462609 338212
167426 259308
512530 517431
943506 338978
580054 185350
184230 787174
183803 810812
171452 113460
463318 135272
168339 136693
658711 257081
770916 945997
161931 631001
862894 822849
522618 357218
809903 46916
231856 547713
746094 556829
414297 933670
274229 293238
440965 820325
460509 242627
129868 54956
674241 929484
282635 547681
372244 685849
760204 16792
802639 893306
949700 393646
263555 155824
637877 698501
562380 754555
811572 542620
572582 302017
871493 893449
956441 686232
981602 448598
837456 518448
476507 922934
576712 720416
486743 495586
564388 79755
498104 381973
77085 881839
513245 495776
436502 174346
672897 879914
76493 809705
857728 220488
259053 929294
529146 593461
361665 863485
437968 205806
147716 415523
929036 396205
470484 636068
986973 759103
588420 538495
761471 783428
58448 457248
469945 620675
384492 359683
589952 238503
519861 614207
64825 140955
813641 461367
332124 132413
496050 28952
693748 431553
314813 463631
626498 666021
339497 67211
353409 821900
255099 739754
348293 774650
217007 356803
311101 541547
574792 23119
536407 250832
993096 938356
93634 778919
654716 948335
726863 108213
637871 353054
399857 708387
953919 334056
964003 627635
161164 12170
527721 847837
769228 522046
741038 512970
673531 134985
913292 37996
915632 616930
265835 738168
937355 21050
151744 728961
533131 997869
609719 415090
391612 547843
960236 120488
28621 291618
466322 842922
39423 767700
804982 479750
713466 771953
950686 435465
647546 447273
852299 386778
946982 439344
768734 992755
297537 963270
99543 497789
267769 745826
273208 720840
416797 167482
347720 251876
76588 460658
676595 138398
317192 522462
113743 195290
389322 237174
778617 649418
804079 544597
738142 364872
85615 606126
50902 828630
117550 600716
986986 731567
807308 270787
615222 784265
573399 924920
753449 855274
876768 65034
161706 769764
155307 947740
48725 288687
100544 268865
146979 164705
182238 73154
32552 441292
633551 965198
121397 135284
989335 251519
534045 162091
170694 710661
444245 328843
291053 217521
164469 776848
718189 711008
598171 541968
672618 468738
783535 56727
88031 908038
977728 160867
473228 503140
403917 964857
808074 598022
742624 774114
901246 943124
362069 726213
681132 659674
367673 76706
871203 603481
193102 35240
692054 931559
909290 593908
68939 435011
219646 61608
661868 319481
492980 325027
716667 830126
433842 442594
600547 976585
840956 395955
391145 867070
914102 149393
78786 718392
456006 240737
398589 970851
899928 123784
487329 388051
31867 622311
178321 389716
917289 212468
566636 184207
613092 577334
477170 3477
475643 493980
558687 59979
548652 248571
680604 574578
511651 538979
992395 971282
326625 889564
232832 304515
319480 114178
176912 300632
668786 286586
586945 917864
844370 145808
125600 406714
325106 252783
922866 594700
831755 764988
12098 13888
102547 421583
48409 687460
100417 605134
191500 551901
166956 188904
527599 47663
12241 270763
187176 19626
703859 536515
279454 364469
489053 235280
421967 748080
50819 448546
867841 578377
83079 517972
155856 65885
308631 917826
701542 898888
714227 244328
746633 619275
530060 384984
780815 479449
803016 597079
61868 858366
667938 637269
653676 360620
594159 736840
422524 290212
599675 696868
749218 65597
155474 279481
995597 787412
248922 743912
467206 554897
948062 266819
421062 938257
684069 376897
92322 399733
512897 409370
23842 550663
220132 535493
194607 121348
869675 497868
203754 858634
572223 705352
986393 470111
701713 383
863228 609691
750466 925334
302462 943988
796453 101172
101319 805668
668636 900214
256366 601081
943006 776968
782092 969720
327451 53542
549484 453295
908854 579632
826014 661974
250289 488227
856682 692385
638823 470138
146978 733605
933106 893600
272081 200164
533677 962896
877519 227575
388883 783179
110582 811351
884550 22325
169327 438983
394156 392077
582246 697698
402548 600327
571804 635261
617590 244872
753114 252728
935481 596221
43011 789862
68430 314265
409411 946774
828505 229033
31652 376958
514479 977685
301567 874499
668059 22517
992143 435240
540475 813645
992609 768720
622536 187687
348455 705585
736243 818636
376876 409623
71146 970398
103139 376786
99257 417813
267480 37438
515214 564308
904584 138989
285397 917543
306956 303859
484226 184859
711727 138381
478189 863546
430881 741550
817558 635810
676933 925096
835466 99137
442725 776180
974175 365552
869509 832030
339481 640616
98389 456015
951983 834981
89279 231032
737255 331414
226913 269849
727582 707645
886229 151403
855716 124521
497515 921392
747524 671566
172088 559061
658081 521214
639175 856384
755579 937606
756334 496380
932561 834151
722940 411774
199073 839664
888271 730388
251595 350325
897538 313001
817427 351469
894595 387191
814533 959661
467330 429513
646771 359805
929157 877740
584602 827476
748824 563122
667043 907062
822370 47970
875909 235238
865044 142655
784391 180680
744506 594995
558435 69848
453555 975064
434055 691905
454782 641892
982389 18075
218602 982766
358217 183556
369008 132257
564187 672793
88860 819516
887290 880210
84773 361283
153 971832
274462 684806
576262 115907
903749 337163
612821 276052
983993 318938
35995 399115
874377 433190
710550 499846
919528 993939
896554 263031
669500 972648
241414 296161
301013 945811
303781 264431
141947 600083
350769 526065
347040 611846
472514 936692
501300 526735
825539 371388
120791 203171
727158 704480
128298 427057
715150 281858
566719 898284
665977 651498
975726 278838
340865 132607
788745 711338
868040 741409
174247 122566
524593 536613
984221 125939
647710 358958
880267 898227
200531 268133
465682 445286
535801 737556
217955 645753
929855 253860
568499 382636
656027 449841
261770 852029
894702 459783
438459 204726
782790 318076
482606 234896
957757 558314
400985 20483
485886 989446
883213 450923
924584 30818
237421 386840
10699 402875
775737 297010
278991 580800
343752 709895
161139 834464
4052 420915
211699 919182
726319 303787
877188 984532
725140 724262
750265 775569
852952 256232
718599 157969
924416 538476
700197 67975
306348 700141
229133 578025
918256 900817
276448 724456
318403 625971
576422 452939
440784 639115
493043 300967
985194 545404
748453 433341
273437 273018
311177 607600
566623 598358
248477 537377
871974 984168
628848 876649
482003 694808
540326 982386
541131 971976
897880 613362
100967 649506
847960 798405
741121 881081
902162 425447
344623 431582
509837 934859
815884 136002
475025 816538
268657 95875
14563 998731
292291 669333
837420 114203
155366 800590
335160 236330
117264 32973
795033 964466
990328 140296
705004 369956
662316 512881
732275 902625
347266 880773
984865 626769
466215 600817
733173 376548
401939 40225
255742 672419
86173 180134
687741 993970
710506 550018
34983 140132
100161 149907
397833 491451
499066 619675
710214 328122
83861 346984
962556 570153
722024 435492
475205 606821
700848 940219
158425 525665
260807 700836
168785 957053
938230 378447
82118 73601
323554 770025
975896 208758
798051 413199
711435 748449
52402 385932
673547 452701
709504 768144
428368 645844
448099 131568
811292 439769
252395 402196
509986 931493
140115 219714
513537 636205
27092 580164
482797 949020
949331 338807
224687 328242
303994 810547
99138 89337
408355 28882
720670 112031
515441 428831
510931 271157
393977 672733
74699 336707
381022 855665
646130 621381
109115 86765
96369 844806
712440 690297
543765 177560
727999 955424
126735 700653
413129 110068
760276 517142
802578 977823
339493 985557
817323 132104
244841 507616
149230 750494
217717 363061
552907 892100
953710 542804
380929 904985
782534 725150
482857 781987
874722 786568
161132 154519
818268 459708
144981 619335
612196 779852
494273 112168
983105 830547
697907 316735
494070 887722
143812 702056
674815 286276
12920 99139
183482 273767
