1 101
201 302
401 503
601 704
801 905
1001 1106
1201 1307
1401 1508
1601 1709
1801 1910
2001 2111
2201 2312
2401 2513
2601 2714
2801 2915
3001 3116
3201 3317
3401 3518
3601 3719
3801 3920
4001 4121
4201 4322
4401 4523
4601 4724
4801 4925
5001 5126
5201 5327
5401 5528
5601 5729
5801 5930
6001 6131
6201 6332
6401 6533
6601 6734
6801 6935
7001 7136
7201 7337
7401 7538
7601 7739
7801 7940
8001 8141
8201 8342
8401 8543
8601 8744
8801 8945
9001 9146
9201 9347
9401 9548
9601 9749
9801 9950
10001 10151
10201 10352
10401 10553
10601 10754
10801 10955
11001 11156
11201 11357
11401 11558
11601 11759
11801 11960
12001 12161
12201 12362
12401 12563
12601 12764
12801 12965
13001 13166
13201 13367
13401 13568
13601 13769
13801 13970
14001 14171
14201 14372
14401 14573
14601 14774
14801 14975
15001 15176
15201 15377
15401 15578
15601 15779
15801 15980
16001 16181
16201 16382
16401 16583
16601 16784
16801 16985
17001 17186
17201 17387
17401 17588
17601 17789
17801 17990
18001 18191
18201 18392
18401 18593
18601 18794
18801 18995
19001 19196
19201 19397
19401 19598
19601 19799
19801 20000
20001 20201
20201 20402
20401 20603
20601 20804
20801 21005
21001 21206
21201 21407
21401 21608
21601 21809
21801 22010
22001 22211
22201 22412
22401 22613
22601 22814
22801 23015
23001 23216
23201 23417
23401 23618
23601 23819
23801 24020
24001 24221
24201 24422
24401 24623
24601 24824
24801 25025
25001 25226
25201 25427
25401 25628
25601 25829
25801 26030
26001 26231
26201 26432
26401 26633
26601 26834
26801 27035
27001 27236
27201 27437
27401 27638
27601 27839
27801 28040
28001 28241
28201 28442
28401 28643
28601 28844
28801 29045
29001 29246
29201 29447
29401 29648
29601 29849
29801 30050
30001 30251
30201 30452
30401 30653
30601 30854
30801 31055
31001 31256
31201 31457
31401 31658
31601 31859
31801 32060
32001 32261
32201 32462
32401 32663
32601 32864
32801 33065
33001 33266
33201 33467
33401 33668
33601 33869
33801 34070
34001 34271
34201 34472
34401 34673
34601 34874
34801 35075
35001 35276
35201 35477
35401 35678
35601 35879
35801 36080
36001 36281
36201 36482
36401 36683
36601 36884
36801 37085
37001 37286
37201 37487
37401 37688
37601 37889
37801 38090
38001 38291
38201 38492
38401 38693
38601 38894
38801 39095
39001 39296
39201 39497
39401 39698
39601 39899
39801 40100
40001 40301
40201 40502
40401 40703
40601 40904
40801 41105
41001 41306
41201 41507
41401 41708
41601 41909
41801 42110
42001 42311
42201 42512
42401 42713
42601 42914
42801 43115
43001 43316
43201 43517
43401 43718
43601 43919
43801 44120
44001 44321
44201 44522
44401 44723
44601 44924
44801 45125
45001 45326
45201 45527
45401 45728
45601 45929
45801 46130
46001 46331
46201 46532
46401 46733
46601 46934
46801 47135
47001 47336
47201 47537
47401 47738
47601 47939
47801 48140
48001 48341
48201 48542
48401 48743
48601 48944
48801 49145
49001 49346
49201 49547
49401 49748
49601 49949
49801 50150
50001 50351
50201 50552
50401 50753
50601 50954
50801 51155
51001 51356
51201 51557
51401 51758
51601 51959
51801 52160
52001 52361
52201 52562
52401 52763
52601 52964
52801 53165
53001 53366
53201 53567
53401 53768
53601 53969
53801 54170
54001 54371
54201 54572
54401 54773
54601 54974
54801 55175
55001 55376
55201 55577
55401 55778
55601 55979
55801 56180
56001 56381
56201 56582
56401 56783
56601 56984
56801 57185
57001 57386
57201 57587
57401 57788
57601 57989
57801 58190
58001 58391
58201 58592
58401 58793
58601 58994
58801 59195
59001 59396
59201 59597
59401 59798
59601 59999
59801 60200
60001 60401
60201 60602
60401 60803
60601 61004
60801 61205
61001 61406
61201 61607
61401 61808
61601 62009
61801 62210
62001 62411
62201 62612
62401 62813
62601 63014
62801 63215
63001 63416
63201 63617
63401 63818
63601 64019
63801 64220
64001 64421
64201 64622
64401 64823
64601 65024
64801 65225
65001 65426
65201 65627
65401 65828
65601 66029
65801 66230
66001 66431
66201 66632
66401 66833
66601 67034
66801 67235
67001 67436
67201 67637
67401 67838
67601 68039
67801 68240
68001 68441
68201 68642
68401 68843
68601 69044
68801 69245
69001 69446
69201 69647
69401 69848
69601 70049
69801 70250
70001 70451
70201 70652
70401 70853
70601 71054
70801 71255
71001 71456
71201 71657
71401 71858
71601 72059
71801 72260
72001 72461
72201 72662
72401 72863
72601 73064
72801 73265
73001 73466
73201 73667
73401 73868
73601 74069
73801 74270
74001 74471
74201 74672
74401 74873
74601 75074
74801 75275
75001 75476
75201 75677
75401 75878
75601 76079
75801 76280
76001 76481
76201 76682
76401 76883
76601 77084
76801 77285
77001 77486
77201 77687
77401 77888
77601 78089
77801 78290
78001 78491
78201 78692
78401 78893
78601 79094
78801 79295
79001 79496
79201 79697
79401 79898
79601 80099
79801 80300
80001 80501
80201 80702
80401 80903
80601 81104
80801 81305
81001 81506
81201 81707
81401 81908
81601 82109
81801 82310
82001 82511
82201 82712
82401 82913
82601 83114
82801 83315
83001 83516
83201 83717
83401 83918
83601 84119
83801 84320
84001 84521
84201 84722
84401 84923
84601 85124
84801 85325
85001 85526
85201 85727
85401 85928
85601 86129
85801 86330
86001 86531
86201 86732
86401 86933
86601 87134
86801 87335
87001 87536
87201 87737
87401 87938
87601 88139
87801 88340
88001 88541
88201 88742
88401 88943
88601 89144
88801 89345
89001 89546
89201 89747
89401 89948
89601 90149
89801 90350
90001 90551
90201 90752
90401 90953
90601 91154
90801 91355
91001 91556
91201 91757
91401 91958
91601 92159
91801 92360
92001 92561
92201 92762
92401 92963
92601 93164
92801 93365
93001 93566
93201 93767
93401 93968
93601 94169
93801 94370
94001 94571
94201 94772
94401 94973
94601 95174
94801 95375
95001 95576
95201 95777
95401 95978
95601 96179
95801 96380
96001 96581
96201 96782
96401 96983
96601 97184
96801 97385
97001 97586
97201 97787
97401 97988
97601 98189
97801 98390
98001 98591
98201 98792
98401 98993
98601 99194
98801 99395
99001 99596
99201 99797
99401 99998
99601 100199
99801 100400
100001 100601
100201 100802
100401 101003
100601 101204
100801 101405
101001 101606
101201 101807
101401 102008
101601 102209
101801 102410
102001 102611
102201 102812
102401 103013
102601 103214
102801 103415
103001 103616
103201 103817
103401 104018
103601 104219
103801 104420
104001 104621
104201 104822
104401 105023
104601 105224
104801 105425
105001 105626
105201 105827
105401 106028
105601 106229
105801 106430
106001 106631
106201 106832
106401 107033
106601 107234
106801 107435
107001 107636
107201 107837
107401 108038
107601 108239
107801 108440
108001 108641
108201 108842
108401 109043
108601 109244
108801 109445
109001 109646
109201 109847
109401 110048
109601 110249
109801 110450
110001 110651
110201 110852
110401 111053
110601 111254
110801 111455
111001 111656
111201 111857
111401 112058
111601 112259
111801 112460
112001 112661
112201 112862
112401 113063
112601 113264
112801 113465
113001 113666
113201 113867
113401 114068
113601 114269
113801 114470
114001 114671
114201 114872
114401 115073
114601 115274
114801 115475
115001 115676
115201 115877
115401 116078
115601 116279
115801 116480
116001 116681
116201 116882
116401 117083
116601 117284
116801 117485
117001 117686
117201 117887
117401 118088
117601 118289
117801 118490
118001 118691
118201 118892
118401 119093
118601 119294
118801 119495
119001 119696
119201 119897
119401 120098
119601 120299
119801 120500
120001 120701
120201 120902
120401 121103
120601 121304
120801 121505
121001 121706
121201 121907
121401 122108
121601 122309
121801 122510
122001 122711
122201 122912
122401 123113
122601 123314
122801 123515
123001 123716
123201 123917
123401 124118
123601 124319
123801 124520
124001 124721
124201 124922
124401 125123
124601 125324
124801 125525
125001 125726
125201 125927
125401 126128
125601 126329
125801 126530
126001 126731
126201 126932
126401 127133
126601 127334
126801 127535
127001 127736
127201 127937
127401 128138
127601 128339
127801 128540
128001 128741
128201 128942
128401 129143
128601 129344
128801 129545
129001 129746
129201 129947
129401 130148
129601 130349
129801 130550
130001 130751
130201 130952
130401 131153
130601 131354
130801 131555
131001 131756
131201 131957
131401 132158
131601 132359
131801 132560
132001 132761
132201 132962
132401 133163
132601 133364
132801 133565
133001 133766
133201 133967
133401 134168
133601 134369
133801 134570
134001 134771
134201 134972
134401 135173
134601 135374
134801 135575
135001 135776
135201 135977
135401 136178
135601 136379
135801 136580
136001 136781
136201 136982
136401 137183
136601 137384
136801 137585
137001 137786
137201 137987
137401 138188
137601 138389
137801 138590
138001 138791
138201 138992
138401 139193
138601 139394
138801 139595
139001 139796
139201 139997
139401 140198
139601 140399
139801 140600
140001 140801
140201 141002
140401 141203
140601 141404
140801 141605
141001 141806
141201 142007
141401 142208
141601 142409
141801 142610
142001 142811
142201 143012
142401 143213
142601 143414
142801 143615
143001 143816
143201 144017
143401 144218
143601 144419
143801 144620
144001 144821
144201 145022
144401 145223
144601 145424
144801 145625
145001 145826
145201 146027
145401 146228
145601 146429
145801 146630
146001 146831
146201 147032
146401 147233
146601 147434
146801 147635
147001 147836
147201 148037
147401 148238
147601 148439
147801 148640
148001 148841
148201 149042
148401 149243
148601 149444
148801 149645
149001 149846
149201 150047
149401 150248
149601 150449
149801 150650
150001 150851
150201 151052
150401 151253
150601 151454
150801 151655
151001 151856
151201 152057
151401 152258
151601 152459
151801 152660
152001 152861
152201 153062
152401 153263
152601 153464
152801 153665
153001 153866
153201 154067
153401 154268
153601 154469
153801 154670
154001 154871
154201 155072
154401 155273
154601 155474
154801 155675
155001 155876
155201 156077
155401 156278
155601 156479
155801 156680
156001 156881
156201 157082
156401 157283
156601 157484
156801 157685
157001 157886
157201 158087
157401 158288
157601 158489
157801 158690
158001 158891
158201 159092
158401 159293
158601 159494
158801 159695
159001 159896
159201 160097
159401 160298
159601 160499
159801 160700
160001 160901
160201 161102
160401 161303
160601 161504
160801 161705
161001 161906
161201 162107
161401 162308
161601 162509
161801 162710
162001 162911
162201 163112
162401 163313
162601 163514
162801 163715
163001 163916
163201 164117
163401 164318
163601 164519
163801 164720
164001 164921
164201 165122
164401 165323
164601 165524
164801 165725
165001 165926
165201 166127
165401 166328
165601 166529
165801 166730
166001 166931
166201 167132
166401 167333
166601 167534
166801 167735
167001 167936
167201 168137
167401 168338
167601 168539
167801 168740
168001 168941
168201 169142
168401 169343
168601 169544
168801 169745
169001 169946
169201 170147
169401 170348
169601 170549
169801 170750
170001 170951
170201 171152
170401 171353
170601 171554
170801 171755
171001 171956
171201 172157
171401 172358
171601 172559
171801 172760
172001 172961
172201 173162
172401 173363
172601 173564
172801 173765
173001 173966
173201 174167
173401 174368
173601 174569
173801 174770
174001 174971
174201 175172
174401 175373
174601 175574
174801 175775
175001 175976
175201 176177
175401 176378
175601 176579
175801 176780
176001 176981
176201 177182
176401 177383
176601 177584
176801 177785
177001 177986
177201 178187
177401 178388
177601 178589
177801 178790
178001 178991
178201 179192
178401 179393
178601 179594
178801 179795
179001 179996
179201 180197
179401 180398
179601 180599
179801 180800
180001 181001
180201 181202
180401 181403
180601 181604
180801 181805
181001 182006
181201 182207
181401 182408
181601 182609
181801 182810
182001 183011
182201 183212
182401 183413
182601 183614
182801 183815
183001 184016
183201 184217
183401 184418
183601 184619
183801 184820
184001 185021
184201 185222
184401 185423
184601 185624
184801 185825
185001 186026
185201 186227
185401 186428
185601 186629
185801 186830
186001 187031
186201 187232
186401 187433
186601 187634
186801 187835
187001 188036
187201 188237
187401 188438
187601 188639
187801 188840
188001 189041
188201 189242
188401 189443
188601 189644
188801 189845
189001 190046
189201 190247
189401 190448
189601 190649
189801 190850
190001 191051
190201 191252
190401 191453
190601 191654
190801 191855
191001 192056
191201 192257
191401 192458
191601 192659
191801 192860
192001 193061
192201 193262
192401 193463
192601 193664
192801 193865
193001 194066
193201 194267
193401 194468
193601 194669
193801 194870
194001 195071
194201 195272
194401 195473
194601 195674
194801 195875
195001 196076
195201 196277
195401 196478
195601 196679
195801 196880
196001 197081
196201 197282
196401 197483
196601 197684
196801 197885
197001 198086
197201 198287
197401 198488
197601 198689
197801 198890
198001 199091
198201 199292
198401 199493
198601 199694
198801 199895
199001 200096
199201 200297
199401 200498
199601 200699
199801 200900
